0.7059,0.6858,0.7113,0.0165,
0.7064,0.6867,0.7117,0.0166,
0.7061,0.6857,0.7114,0.0154,
0.7063,0.6832,0.7101,0.0142,
0.7037,0.6835,0.7110,0.0141,
0.7033,0.6832,0.7107,0.0140,
0.7035,0.6834,0.7109,0.0150,
0.7036,0.6833,0.7113,0.0147,
0.7033,0.6828,0.7103,0.0139,
0.7038,0.6833,0.7101,0.0142,
0.7038,0.6835,0.7112,0.0148,
0.7035,0.6831,0.7103,0.0132,
0.7034,0.6832,0.7108,0.0144,
0.7036,0.6831,0.7101,0.0146,
0.7035,0.6829,0.7117,0.0152,
0.7070,0.6865,0.7119,0.0163,
0.7068,0.6869,0.7112,0.0170,
0.7066,0.6870,0.7115,0.0157,
0.7064,0.6866,0.7121,0.0153,
0.7063,0.6870,0.7114,0.0155,
0.7041,0.6834,0.7104,0.0140,
0.7040,0.6836,0.7111,0.0153,
0.7040,0.6831,0.7101,0.0147,
0.7042,0.6840,0.7107,0.0150,
0.7035,0.6832,0.7101,0.0150,
0.7035,0.6832,0.7109,0.0148,
0.7040,0.6835,0.7107,0.0148,
0.7039,0.6831,0.7102,0.0150,
0.7038,0.6833,0.7108,0.0144,
0.7038,0.6833,0.7107,0.0150,
0.7041,0.6832,0.7101,0.0147,
0.7038,0.6832,0.7107,0.0142,
0.7039,0.6834,0.7108,0.0144,
0.7042,0.6834,0.7100,0.0138,
0.7039,0.6834,0.7108,0.0149,
0.7041,0.6844,0.7105,0.0148,
0.7041,0.6838,0.7110,0.0147,
0.7041,0.6838,0.710107,0.0150,
0.7050,0.6854,0.7114,0.0154,
0.7050,0.6850,0.7107,0.0153,
0.7141,0.6940,0.7136,0.0185,
0.7138,0.6956,0.7144,0.0199,
0.7135,0.6948,0.7139,0.0184,
0.7161,0.6967,0.7148,0.0186,
0.7056,0.6852,0.7107,0.0157,
0.7052,0.6851,0.7109,0.0154,
0.7065,0.6856,0.7112,0.0151,
0.7056,0.6852,0.7104,0.0156,
0.7063,0.6854,0.7108,0.0157,
0.7054,0.6852,0.7115,0.0160,
0.7052,0.6853,0.7105,0.0153,
0.7052,0.6853,0.7109,0.0150,
0.7057,0.6855,0.7114,0.0143,
0.7056,0.6854,0.7107,0.0148,
0.7057,0.6857,0.7118,0.0145,
0.7055,0.6852,0.7107,0.0150,
0.7055,0.6854,0.7115,0.0156,
0.7058,0.6856,0.7112,0.0152,
0.7055,0.6856,0.7107,0.0154,
0.7058,0.6855,0.7115,0.0158,
0.7056,0.6851,0.7110,0.0154,
0.7058,0.6854,0.7106,0.0159,
0.7055,0.6854,0.7116,0.0154,
0.7057,0.6854,0.7115,0.0157,
0.7056,0.6854,0.7105,0.0152,
0.7064,0.6857,0.0.9261,0.0426,
0.9216,0.9004,0.9257,0.0435,
0.9206,0.8992,0.9256,0.0425,
0.9199,0.9008,0.9257,0.0425,
0.9197,0.9006,0.9262,0.0438,
0.9197,0.9004,0.9252,0.0441,
0.9201,0.9011,0.9263,0.0420,
0.9200,0.9005,0.9256,0.0442,
0.9201,0.9011,0.9254,0.0427,
0.9199,0.9007,0.9261,0.0430,
0.9198,0.9006,0.9256,0.0426,
0.9200,0.9005,0.9261,0.0440,
0.9197,0.9004,0.9254,0.0438,
0.9201,0.9006,0.9254,0.0452,
0.9198,0.9010,0.9262,0.0439,
0.9198,0.9014,0.9259,0.0426,
0.9198,0.9014,0.9281,0.0488,
0.9317,0.9210,0.9344,0.0488,
0.9427,0.9267,0.9338,0.0510,
0.9287,0.9011,0.9253,0.0437,
0.9200,0.9012,0.9266,0.0422,
0.9200,0.9012,0.9258,0.0445,
0.9199,0.9011,0.9262,0.0445,
0.9203,0.9012,0.9256,0.0448,
0.9200,0.9006,0.9257,0.0428,
0.9201,0.9011,0.9261,0.0440,
0.9198,0.9011,0.9251,0.0444,
0.9200,0.9011,0.9257,0.0439,
0.9198,0.9011,0.9263,0.0422,
0.9197,0.9009,0.9254,0.0436,
0.9199,0.9010,0.9258,0.0426,
0.9203,0.9012,0.9264,0.0447,
0.9202,0.9012,0.9254,0.0425,
0.9201,0.9019,0.9262,0.0438,
0.9198,0.9013,0.9256,0.0420,
0.9198,0.9010,0.9264,0.0437,
0.9205,0.9017,0.9260,0.0419,
0.9202,0.9011,0.9259,0.0424,
0.9202,0.9012,0.9265,0.0428,
0.9200,0.9010,0.9262,0.0428,
0.9198,0.9010,0.9254,0.0421,
0.9198,0.9013,0.9263,0.0421,
0.9174,0.8980,0.9250,0.0402,
0.9184,0.8977,0.9243,0.0424,
0.9176,0.8979,0.9254,0.0428,
0.9173,0.8977,0.9246,0.0427,
0.9172,0.8978,0.9249,0.0422,
0.9169,0.8979,0.9253,0.0424,
0.9174,0.8980,0.9248,0.0407,
0.9177,0.8979,0.9252,0.0424,
0.9172,0.8977,0.9246,0.0416,
0.9174,0.8981,0.9247,0.0420,
0.9362,0.9170,0.9323,0.0490,
0.9177,0.8981,0.9249,0.0424,
0.9173,0.8978,0.9244,0.0421,
0.9173,0.8976,0.9252,0.0426,
0.9170,0.8974,0.9244,0.0431,
0.9174,0.8978,0.9248,0.0419,
0.9170,0.8975,0.9245,0.0418,
0.9171,0.8980,0.9244,0.0419,
0.9172,0.8980,0.9248,0.0420,
0.9174,0.8980,0.9244,0.0424,
0.9175,0.8979,0.9246,0.0412,
0.9172,0.8977,0.9249,0.0428,
0.9177,0.8979,0.9238,0.0411,
0.9176,0.8979,0.9244,0.0403,
0.9172,0.8980,0.9250,0.0416,
0.9173,0.8979,0.9241,0.0415,
0.9174,0.8979,0.9249,0.0409,
0.9172,0.8978,0.9245,0.0416,
0.9175,0.8978,0.9240,0.0411,
0.9175,0.8979,0.9247,0.0412,
0.9174,0.8982,0.9244,0.0431,
0.9174,0.8980,0.9252,0.0417,
0.9174,0.8980,0.9249,0.0418,
0.9172,0.8979,0.9243,0.0422,
0.9176,0.8982,0.9250,0.0420,
0.9173,0.8980,0.9247,0.0411,
0.9176,0.8984,0.9241,0.0416,
0.9175,0.8981,0.9251,0.0429,
0.9173,0.8980,0.9244,0.0405,
0.9175,0.8977,0.9240,0.0422,
0.9176,0.8981,0.9251,0.0414,
0.9176,0.8979,0.9244,0.0413,
0.9176,0.8979,0.9247,0.0423,
0.9178,0.8979,0.9240,0.0414,
0.9174,0.8979,0.9246,0.0415,
0.9178,0.8982,0.9251,0.0410,
0.9178,0.9006,1.1841,0.0755,
1.1778,1.1578,1.1831,0.0742,
1.1761,1.1583,1.1847,0.0758,
1.1758,1.1584,1.1838,0.0757,
1.1761,1.1576,1.1828,0.0737,
1.1760,1.1604,1.1840,0.0764,
1.1760,1.1577,1.1833,0.0759,
1.1760,1.1579,1.1840,0.0771,
1.1761,1.1586,1.1833,0.0749,
1.1759,1.1577,1.1832,0.0752,
1.1763,1.1578,1.1837,0.0751,
1.1758,1.1575,1.1829,0.0746,
1.1761,1.1575,1.1831,0.0754,
1.1753,1.1571,1.1838,0.0752,
1.1752,1.1569,1.1828,0.0743,
1.1758,1.1574,1.1848,0.0808,
1.1751,1.1570,1.1835,0.0769,
1.1775,1.1586,1.1841,0.0817,
1.1821,1.1579,1.1834,0.0773,
1.1794,1.1593,1.1842,0.0785,
1.1753,1.1571,1.1837,0.0757,
1.1751,1.1569,1.1830,0.0755,
1.1751,1.1581,1.1874,0.0802,
1.1753,1.1570,1.1834,0.0754,
1.1762,1.1573,1.1832,0.0754,
1.1815,1.1572,1.1827,0.0779,
1.1753,1.1571,1.1839,0.0775,
1.1843,1.1678,1.1871,0.0791,
1.1841,1.1671,1.1859,0.0776,
1.1845,1.1684,1.1868,0.0779,
1.1840,1.1676,1.1862,0.0796,
1.1834,1.1599,1.1838,0.0755,
1.1762,1.1574,1.1836,0.0750,
1.1761,1.1573,1.1831,0.0736,
1.1758,1.1574,1.1838,0.0743,
1.1756,1.1576,1.1834,0.0747,
1.1758,1.1577,1.1829,0.0769,
1.1758,1.1589,1.1839,0.0743,
1.1762,1.1571,1.1834,0.0739,
1.1758,1.1570,1.1829,0.0736,
1.1757,1.1580,1.1839,0.0745,
1.1757,1.1575,1.1830,0.0746,
1.1760,1.1577,1.1835,0.0758,
1.1757,1.1575,1.1839,0.0751,
1.1757,1.1570,1.1832,0.0746,
1.1757,1.1570,1.1836,0.0755,
1.1758,1.1570,1.1828,0.0747,
1.1758,1.1575,1.1833,0.0754,
1.1757,1.1574,1.1838,0.0755,
1.1752,1.1571,1.1828,0.0763,
1.1755,1.1571,1.1830,0.0742,
1.1756,1.1572,1.1838,0.0759,
1.1757,1.1571,1.1829,0.0763,
1.1759,1.1575,1.1837,0.0746,
1.1757,1.1573,1.1833,0.0755,
1.1751,1.1571,1.1831,0.0749,
1.1755,1.1574,1.1837,0.0752,
1.1755,1.1572,1.1834,0.0755,
1.1756,1.1578,1.1841,0.0756,
1.1756,1.1571,1.1837,0.0749,
1.1758,1.1573,1.1919,0.0840,
1.1993,1.1851,1.1915,0.0824,
1.1908,1.1765,1.1897,0.0814,
1.1916,1.1757,1.1889,0.0829,
1.1914,1.1767,1.1899,0.0820,
1.1891,1.1749,1.1885,0.0812,
1.1751,1.1573,1.1830,0.0754,
1.1754,1.1575,1.1841,0.0739,
1.1753,1.1572,1.1833,0.0760,
1.1754,1.1570,1.1838,0.0745,
1.1756,1.1572,1.1830,0.0757,
1.1765,1.1572,1.1832,0.0748,
1.1754,1.1576,1.1840,0.0752,
1.1752,1.1573,1.1836,0.0744,
1.1754,1.1573,1.1834,0.0753,
1.1751,1.1570,1.1840,0.0741,
1.1753,1.1572,1.1832,0.0755,
1.1756,1.1579,1.1832,0.0755,
1.1760,1.1579,1.1841,0.0749,
1.1753,1.1577,1.1834,0.0734,
1.1753,1.1575,1.1838,0.0764,
1.1752,1.1574,1.1834,0.0762,
1.1753,1.1573,1.1836,0.0742,
1.1755,1.1577,1.1837,0.0751,
1.1814,1.1645,1.1850,0.0761,
1.1724,1.1549,1.1829,0.0745,
1.1724,1.1548,1.1833,0.0756,
1.1724,1.1541,1.1821,0.0740,
1.1725,1.1544,1.1825,0.0751,
1.1725,1.1543,1.1830,0.0741,
1.1724,1.1543,1.1822,0.0724,
1.1727,1.1546,1.1828,0.0744,
1.1722,1.1542,1.1823,0.0729,
1.1725,1.1542,1.1830,0.0737,
1.1729,1.1547,1.1828,0.0737,
1.1726,1.1544,1.1823,0.0762,
1.1840,1.1673,1.1861,0.0767,
1.1885,1.1713,1.1874,0.0777,
1.1803,1.1640,1.1854,0.0783,
1.1804,1.1657,1.1862,0.0743,
1.1728,1.1545,1.1828,0.0739,
1.1728,1.1544,1.1823,0.0745,
1.1728,1.1544,1.1833,0.0736,
1.1726,1.1544,1.1823,0.0739,
1.1726,1.1547,1.1828,0.0741,
1.1722,1.1543,1.1833,0.0738,
1.1728,1.1545,1.1826,0.0747,
1.1730,1.1545,1.1829,0.0741,
1.1728,1.1545,1.1823,0.0742,
1.1728,1.1546,1.1824,0.0747,
1.1728,1.1545,1.1830,0.0734,
1.1729,1.1557,1.1822,0.0746,
1.1730,1.1546,1.1823,0.0745,
1.1728,1.1544,1.1830,0.0749,
1.1729,1.1543,1.1821,0.0737,
1.1728,1.1546,1.1829,0.0744,
1.1732,1.1543.1092,
1.4508,1.4337,1.4643,0.1091,
1.4511,1.4338,1.4650,0.1099,
1.4508,1.4334,1.4647,0.1086,
1.4510,1.4332,1.4641,0.1080,
1.4511,1.4334,1.4651,0.1088,
1.4511,1.4333,1.4649,0.1095,
1.4510,1.4338,1.4642,0.1074,
1.4510,1.4339,1.4652,0.1089,
1.4508,1.4336,1.4647,0.1080,
1.4511,1.4335,1.4651,0.1092,
1.4510,1.4334,1.4645,0.1084,
1.4511,1.4340,1.4645,0.1090,
1.4511,1.4341,1.4651,0.1086,
1.4511,1.4339,1.4645,0.1084,
1.4510,1.4339,1.4647,0.1083,
1.4510,1.4336,1.4653,0.1079,
1.4510,1.4335,1.4644,0.1123,
1.4592,1.4426,1.4677,0.1118,
1.4593,1.4425,1.4684,0.1121,
1.4587,1.4424,1.4677,0.1127,
1.4587,1.4425,1.4679,0.1119,
1.4585,1.4422,1.4678,0.1106,
1.4590,1.4428,1.4648,0.1075,
1.4517,1.4341,1.4652,0.1093,
1.4517,1.4343,1.4648,0.1082,
1.4514,1.4342,1.4648,0.1097,
1.4511,1.4340,1.4653,0.1094,
1.4511,1.4343,1.4645,0.1087,
1.4519,1.4345,1.4649,0.1079,
1.4517,1.4342,1.4656,0.1084,
1.4515,1.4341,1.4646,0.1078,
1.4518,1.4345,1.4652,0.1091,
1.4520,1.4342,1.4649,0.1086,
1.4515,1.4343,1.4647,0.1082,
1.4520,1.4346,1.4656,0.1084,
1.4520,1.4345,1.4649,0.1088,
1.4519,1.4344,1.4656,0.1081,
1.4523,1.4345,1.4654,0.1076,
1.4517,1.4342,1.4646,0.1078,
1.4515,1.4371,1.4662,0.1092,
1.4544,1.4377,1.4668,0.1090,
1.4542,1.4370,1.4659,0.1091,
1.4539,1.4367,1.4665,0.1093,
1.4540,1.4367,1.4659,0.1105,
1.4544,1.4372,1.4664,0.1077,
1.4516,1.4341,1.4653,0.1095,
1.4518,1.4347,1.4650,0.1073,
1.4519,1.4346,1.4656,0.1083,
1.4516,1.4342,1.4650,0.1088,
1.4512,1.4335,1.4647,0.1083,
1.4513,1.4340,1.4675,0.1100,
1.4544,1.4373,1.4665,0.1099,
1.4548,1.4384,1.4661,0.1102,
1.4547,1.4378,1.4668,0.1098,
1.4550,1.4375,1.4662,0.1099,
1.4551,1.4376,1.4665,0.1101,
1.4494,1.4320,1.4649,0.1077,
1.4492,1.4318,1.4643,0.1080,
1.4495,1.4321,1.4646,0.1080,
1.4494,1.4317,1.4640,0.1076,
1.4493,1.4317,1.4643,0.1068,
1.4494,1.4319,1.4646,0.1068,
1.4495,1.4318,1.4639,0.1070,
1.4496,1.4318,1.4644,0.1081,
1.4494,1.4319,1.4648,0.1081,
1.4496,1.4320,1.4639,0.1079,
1.4495,1.4319,1.4645,0.1073,
1.4493,1.4320,1.4649,0.1074,
1.4497,1.4319,1.4643,0.1077,
1.4498,1.4321,1.4648,0.1087,
1.4496,1.4319,1.4642,0.1070,
1.4496,1.4323,1.4651,0.1092,
1.4495,1.4321,1.4647,0.1070,
1.4498,1.4322,1.4643,0.1062,
1.4497,1.4321,1.4650,0.1067,
1.4499,1.4321,1.4647,0.1084,
1.4496,1.4321,1.4641,0.1059,
1.4495,1.4321,1.4651,0.1075,
1.4497,1.4320,1.4649,0.1079,
1.4496,1.4322,1.4641,0.1068,
1.4498,1.4324,1.4652,0.1056,
1.4496,1.4322,1.4645,0.1069,
1.4499,1.4322,1.4649,0.1086,
1.4498,1.4329,1.4642,0.1079,
1.4497,1.4323,1.4645,0.1074,
1.4498,1.4324,1.4651,0.1065,
1.4529,1.4354,1.4662,0.1098,
1.4548,1.4385,1.4665,0.1085,
1.4581,1.4394,1.4680,0.1104,
1.4588,1.4428,1.4681,0.1116,
1.4548,1.4376,1.4662,0.1103,
1.4544,1.4376,1.4671,0.1095,
1.4545,1.4375,1.4664,0.1091,
1.4545,1.4372,1.4667,0.1095,
1.4542,1.4371,1.4662,0.1096,
1.4545,1.4372,1.4663,0.1088,
1.4547,1.4375,1.4667,0.1095,
1.4546,1.4374,1.4661,0.1095,
1.4546,1.4374,1.4665,0.1104,
1.4544,1.4374,1.4670,0.1099,
1.4545,1.4372,1.4662,0.1096,
1.4547,1.4376,1.4663,0.1094,
1.4546,1.4375,1.4669,0.1105,
1.4547,1.4375,1.4662,0.1094,
1.4546,1.4374,1.4669,0.1097,
1.4544,1.4374,1.4665,0.1083,
1.4548,1.4382,1.4673,0.1095,
1.4549,1.4375,1.4666,0.1097,
1.4547,1.4375,1.4660,0.1085,
1.4550,1.4376,1.4670,0.1101,
1.4545,1.15,
1.7145,1.6983,1.7284,0.1422,
1.7204,1.7012,1.7296,0.1435,
1.7168,1.7007,1.7299,0.1454,
1.7199,1.7019,1.7297,0.1438,
1.7169,1.7007,1.7299,0.1445,
1.7174,1.7031,1.7303,0.1437,
1.7171,1.7007,1.7300,0.1434,
1.7171,1.7008,1.7300,0.1438,
1.7172,1.7009,1.7292,0.1446,
1.7170,1.7008,1.7298,0.1429,
1.7206,1.7024,1.7294,0.1447,
1.7172,1.7008,1.7300,0.1437,
1.7178,1.7017,1.7381,0.1526,
1.7370,1.7213,1.7366,0.1509,
1.7353,1.7233,1.7385,0.1519,
1.7409,1.7485,1.7413,0.1532,
1.7318,1.7148,1.7328,0.1488,
1.7175,1.7028,1.7365,0.1483,
1.7167,1.7004,1.7300,0.1436,
1.7267,1.7154,1.7307,0.1431,
1.7298,1.7072,1.7306,0.1427,
1.7169,1.7009,1.7297,0.1438,
1.7183,1.7148,1.7334,0.1444,
1.7166,1.7004,1.7293,0.1430,
1.7169,1.7009,1.7296,0.1443,
1.7174,1.7009,1.7302,0.1424,
1.7167,1.7004,1.7292,0.1446,
1.7174,1.7005,1.7296,0.1430,
1.7168,1.7013,1.7302,0.1426,
1.7279,1.7016,1.7299,0.1437,
1.7175,1.7015,1.7299,0.1435,
1.7176,1.7015,1.7306,0.1441,
1.7175,1.7012,1.7297,0.1440,
1.7176,1.7012,1.7305,0.1435,
1.7177,1.7011,1.7298,0.1431,
1.7184,1.7022,1.7300,0.1427,
1.7176,1.7019,1.7306,0.1435,
1.7183,1.7015,1.7301,0.1436,
1.7179,1.7015,1.7314,0.1440,
1.7176,1.7012,1.7308,0.1434,
1.7163,1.6993,1.7280,0.1431,
1.7131,1.6963,1.7284,0.1418,
1.7131,1.6963,1.7287,0.1425,
1.7133,1.6966,1.7278,0.1418,
1.7132,1.6966,1.7289,0.1410,
1.7132,1.6967,1.7285,0.1407,
1.7182,1.7018,1.7300,0.1454,
1.7189,1.7063,1.7326,0.1468,
1.7286,1.7128,1.7326,0.1449,
1.7233,1.7068,1.7329,0.1471,
1.7229,1.7068,1.7320,0.1451,
1.7229,1.7067,1.7321,0.1426,
1.7177,1.7014,1.7307,0.1424,
1.7177,1.7014,1.7304,0.1439,
1.7178,1.7013,1.7299,0.1428,
1.7178,1.7014,1.7308,0.1443,
1.7179,1.7013,1.7301,0.1433,
1.7181,1.7016,1.7299,0.1427,
1.7177,1.7017,1.7308,0.1436,
1.7180,1.7013,1.7300,0.1430,
1.7179,1.7015,1.7304,0.1444,
1.7181,1.7013,1.7299,0.1432,
1.7179,1.7013,1.7302,0.1441,
1.7180,1.7014,1.7306,0.1442,
1.7178,1.7013,1.7297,0.1426,
1.7180,1.7016,1.7301,0.1430,
1.7179,1.7015,1.7308,0.1439,
1.7180,1.7014,1.7299,0.1428,
1.7188,1.7017,1.7303,0.1439,
1.7180,1.7012,1.7307,0.1432,
1.7179,1.7015,1.7301,0.1430,
1.7179,1.7014,1.7305,0.1428,
1.7181,1.7017,1.7308,0.1430,
1.7207,1.7073,1.7325,0.1444,
1.7194,1.7016,1.7306,0.1424,
1.7181,1.7010,1.7301,0.1436,
1.7182,1.7012,1.7308,0.1427,
1.7180,1.7013,1.7306,0.1432,
1.7182,1.7016,1.7300,0.1431,
1.7181,1.7019,1.7310,0.1432,
1.7267,1.7166,1.7363,0.1497,
1.7446,1.7296,1.7400,0.1533,
1.7448,1.7408,1.7406,0.1525,
1.7398,1.7277,1.7384,0.1524,
1.7388,1.7275,1.7394,0.1527,
1.7396,1.7270,1.7313,0.1437,
1.7188,1.7019,1.7313,0.1461,
1.7179,1.6987,1.7301,0.1405,
1.7155,1.6983,1.7293,0.1419,
1.7156,1.6985,1.7293,0.1420,
1.7154,1.6994,1.7299,0.1420,
1.7149,1.6983,1.7297,0.1433,
1.7151,1.6982,1.7294,0.1418,
1.7154,1.6983,1.7300,0.1424,
1.7154,1.6981,1.7301,0.1418,.9881,1.9763,2.0016,0.1830,
2.0057,1.9849,2.0045,0.1866,
2.0084,1.9969,2.0064,0.1874,
2.0048,1.9918,2.0055,0.1858,
2.0026,1.9906,2.0048,0.1849,
2.0037,1.9904,2.0051,0.1757,
1.9817,1.9660,1.9966,0.1773,
1.9814,1.9659,1.9962,0.1781,
1.9816,1.9660,1.9967,0.1761,
1.9817,1.9662,1.9964,0.1770,
1.9818,1.9661,1.9961,0.1772,
1.9817,1.9660,1.9967,0.1767,
1.9816,1.9654,1.9964,0.1775,
1.9818,1.9659,1.9961,0.1764,
1.9816,1.9659,1.9969,0.1763,
1.9815,1.9660,1.9962,0.1768,
1.9816,1.9663,1.9968,0.1757,
1.9815,1.9656,1.9968,0.1764,
1.9815,1.9654,1.9965,0.1758,
1.9819,1.9657,1.9966,0.1773,
1.9815,1.9659,1.9959,0.1783,
1.9816,1.9661,1.9961,0.1764,
1.9816,1.9662,1.9967,0.1760,
1.9818,1.9655,1.9957,0.1750,
1.9821,1.9657,1.9962,0.1770,
1.9822,1.9657,1.9967,0.1772,
1.9824,1.9660,1.9958,0.1755,
1.9823,1.9663,1.9964,0.1761,
1.9824,1.9627,1.9957,0.1752,
1.9786,1.9626,1.9948,0.1751,
1.9792,1.9628,1.9953,0.1752,
1.9792,1.9628,1.9949,0.1748,
1.9797,1.9629,1.9957,0.1757,
1.9795,1.9630,1.9954,0.1740,
1.9784,1.9627,1.9951,0.1759,
1.9786,1.9627,1.9957,0.1764,
1.9789,1.9626,1.9954,0.1748,
1.9792,1.9629,1.9949,0.1757,
1.9880,1.9748,2.0009,0.1810,
2.0001,1.9899,1.9956,0.1753,
1.9783,1.9628,1.9949,0.1755,
1.9783,1.9629,1.9958,0.1742,
1.9783,1.9627,1.9952,0.1756,
1.9786,1.9630,1.9956,0.1756,
1.9787,1.9627,1.9948,0.1745,
1.9781,1.9629,1.9953,0.1765,
1.9783,1.9627,1.9957,0.1756,
1.9781,1.9628,1.9953,0.1754,
1.9784,1.9628,1.9950,0.1767,
1.9785,1.9628,1.9956,0.1761,
1.9787,1.9626,1.9947,0.1748,
1.9782,1.9634,1.9951,0.1741,
1.9782,1.9628,1.9958,0.1770,
1.9783,1.9628,1.9953,0.1767,
1.9792,1.9628,1.9955,0.1760,
1.9789,1.9627,1.9949,0.1752,
1.9787,1.9631,1.9951,0.1755,
1.9782,1.9632,1.9956,0.1747,
1.9782,1.9630,1.9950,0.1760,
1.9782,1.9630,1.9953,0.1762,
1.9782,1.9629,1.9958,0.1747,
1.9782,1.9627,1.9953,0.1758,
1.9782,1.9636,1.9952,0.1745,
1.9781,1.9633,1.9963,0.1742,
1.9782,1.9629,1.9950,0.1752,
1.9783,1.9630,1.9955,0.1744,
1.9781,1.9627,1.9952,0.1750,
1.9783,1.9629,1.9950,0.1754,
1.9790,1.9636,1.9957,0.1767,
1.9959,1.9826,2.0041,0.1865,
2.0026,1.9914,2.0059,0.1863,
1.9988,1.9858,2.0039,0.1856,
1.9986,1.9861,2.0032,0.1845,
1.9785,1.9633,1.9960,0.1752,
1.9785,1.9633,1.9956,0.1753,
1.9783,1.9632,1.9950,0.1748,
1.9783,1.9638,1.9962,0.1762,
1.9782,1.9633,1.99555,0.2093,
2.2469,2.2323,2.2660,0.2094,
2.2470,2.2322,2.2657,0.2099,
2.2452,2.2304,2.2646,0.2085,
2.2452,2.2303,2.2654,0.2076,
2.2429,2.2282,2.2641,0.2076,
2.2427,2.2281,2.2646,0.2074,
2.2427,2.2281,2.2644,0.2070,
2.2426,2.2280,2.2641,0.2058,
2.2429,2.2282,2.2648,0.2062,
2.2428,2.2284,2.2646,0.2057,
2.2429,2.2282,2.2639,0.2075,
2.2428,2.2284,2.2648,0.2071,
2.2429,2.2282,2.2641,0.2072,
2.2430,2.2284,2.2641,0.2077,
2.2430,2.2284,2.2649,0.2085,
2.2493,2.2336,2.2661,0.2078,
2.2466,2.2318,2.2667,0.2077,
2.2476,2.2334,2.2668,0.2096,
2.2489,2.2351,2.2676,0.2089,
2.2475,2.2327,2.2666,0.2097,
2.2475,2.2326,2.2659,0.2091,
2.2479,2.2327,2.2661,0.2091,
2.2474,2.2326,2.2666,0.2105,
2.2473,2.2326,2.2657,0.2096,
2.2474,2.2327,2.2664,0.2092,
2.2475,2.2327,2.2667,0.2079,
2.2476,2.2326,2.2662,0.2072,
2.2476,2.2327,2.2665,0.2089,
2.2476,2.2328,2.2662,0.2084,
2.2474,2.2326,2.2666,0.2098,
2.2477,2.2327,2.2664,0.2095,
2.2474,2.2326,2.2660,0.2083,
2.2478,2.2327,2.2664,0.2090,
2.2476,2.2327,2.2664,0.2081,
2.2480,2.2328,2.2659,0.2097,
2.2476,2.2327,2.2669,0.2094,
2.2478,2.2333,2.2668,0.2080,
2.2476,2.2327,2.2660,0.2104,
2.2479,2.2328,2.2666,0.2081,
2.2478,2.2327,2.2663,0.2094,
2.2478,2.2329,2.2666,0.2091,
2.2478,2.2328,2.2664,0.2087,
2.2475,2.2326,2.2661,0.2103,
2.2480,2.2330,2.2669,0.2084,
2.2477,2.2327,2.2668,0.2083,
2.2479,2.2329,2.2662,0.2079,
2.2478,2.2329,2.2670,0.2123,
2.2553,2.2398,2.2697,0.2128,
2.2557,2.2415,2.2697,0.2111,
2.2556,2.2409,2.2706,0.2128,
2.2481,2.2333,2.2665,0.2084,
2.2482,2.2331,2.2667,0.2098,
2.2479,2.2334,2.2731,0.2160,
2.2544,2.2341,2.2669,0.2086,
2.2481,2.2335,2.2668,0.2085,
2.2481,2.2329,2.2662,0.2077,
2.2482,2.2331,2.2666,0.2094,
2.2479,2.2329,2.2670,0.2089,
2.2477,2.2328,2.2659,0.2098,
2.2480,2.2330,2.2663,0.2083,
2.2478,2.2329,2.2671,0.2083,
2.2479,2.2328,2.2662,0.2077,
2.2482,2.2331,2.2669,0.2088,
2.2480,2.2330,2.2665,0.2093,
2.2479,2.2346,2.2666,0.2109,
2.2510,2.2368,2.2681,0.2107,
2.2516,2.2413,2.2692,0.2113,
2.2520,2.2360,2.2684,0.2094,
2.2511,2.2360,2.2697,0.2117,
2.2510,2.2359,2.2675,0.2096,
2.2510,2.2356,2.2678,0.2113,
2.2557,2.2377,2.2683,0.2101,
2.2509,2.2358,2.2674,0.2122,
2.2510,2.2380,2.2685,0.2096,
2.2528,2.2392,2.2692,0.2124,
2.2508,2.2354,2.2674,0.2094,
2.2509,2.2359,2.2683,0.2100,
2.2510,2.2359,2.2677,0.2102,
2.2514,2.2359,2.2682,0.2102,
2.2510,2.2360,2.2677,0.2109,
2.2511,2.2358,2.2676,0.2101,
2.2614,2.2474,2.2687,0.2102,
2.2506,2.2349,2.2678,0.2101,
2.2504,2.2436,2.2724,0.2111,
2.2505,2.2357,2.2682,0.2103,
2.2503,2.2357,2.2674,0.2089,
2.2505,2.2505,2.2731,0.2161,
2.2651,2.2503,2.2741,0.2171,
2.2689,2.2488,2.2728,0.2166,
2.2659,2.2515,2.2745,0.2190,
2.2560,2.2500,2.2704,0.2105,
2.2514,2.2383,2.2678,0.2099,
2.2512,2.2354,2.2684,0.2102,
2.2516,2.2354,2.2677,0.2103,
2.2520,2.2358,2.2681,0.2095,
2.2517,2.2358,2.2685,0.2108,
2.2519,2.2362,2.2677,0.2097,
2.2517,2.2366,2.2682,0.2096,
2.2507,2.2356,2.2686,0.2102,
2.2512,2.2356,2.2678,0.2096,
2.2517,2.2356,2.2684,0.2096,
2.2519,2.2375,2.2681,0.2112,
2.2519,2.2359,2.2687,0.2104,
2.2507,2.2356,2.2685,0.2107,
2.2509,2.2357,2.2682,0.2095,
2.2519,2.2360,2.2689,0.2100,
2.2516,2.2357,2.2686,0.2106,
2.2518,2.2357,2.2680,0.2099,
2.2519,2.2359,2.2686,0.2098,
2.2505,2.2358,2.2687,0.2095,
2.2507,2.2357,2.2680,0.2106,
2.2510,2.2360,2.2690,0.2098,
2.2516,2.2357,2.2682,0.2111,
2.2514,2.2356,2.2685,0.2112,
2.2512,2.2359,2.2687,0.2105,
2.2508,2.2359,2.2685,0.2103,
2.2507,2.2359,2.2688,0.2101,
2.2508,2.2359,2.2684,0.2104,
2.2510,2.2358,2.2685,0.2100,
2.2510,2.2359,2.2690,0.2107,
2.2707,2.2591,2.2766,0.2200,
2.2708,2.2606,2.2761,0.2186,
2.2717,2.2589,2.2782,0.2217,
2.2708,2.2531,2.2731,0.2129,
2.2514,2.2365,2.2691,0.2101,
2.2513,2.2359,2.2691,0.2108,
2.2507,2.2365,2.2688,0.2115,
2.2510,2.2364,2.2689,0.2109,
2.2510,2.2363,2.2685,0.2096,
2.2510,2.2361,2.2689,0.2103,
2.2509,2.2358,2.2689,0.2097,
2.2510,2.2366,2.2686,0.2097,
2.2521,2.2367,2.2687,0.2113,
2.2509,2.2365,2.2692,0.2109,
2.2508,2.2364,2.2685,0.2101,
2.2510,2.2363,2.2693,0.2118,
2.2511,2.2360,2.2687,0.2112,
2.2515,2.2370,2.2684,0.2110,
2.2513,2.2367,2.2691,0.2103,
2.2510,2.2366,2.2687,0.2106,
2.2511,2.2364,2.2691,0.2110,
2.2510,2.2365,2.2689,0.2092,
2.2510,2.2363,2.2690,0.2100,
2.2516,2.2369,2.2698,0.2119,
2.2514,2.2366,2.2691,0.2110,
2.2513,2.2370,2.2688,0.2105,
2.2510,2.2367,2.2694,0.2110,
2.2511,2.2365,2.2687,0.2102,
2.2520,2.2369,2.2686,0.2105,
2.2520,2.2372,2.2696,0.2099,
2.2516,2.2367,2.2688,0.2086,
2.2515,2.2369,2.2692,0.2120,
2.2512,2.2367,2.2686,0.2102,
2.2512,2.2366,2.2689,0.2188,
2.2647,2.2487,2.2740,0.2159,
2.2632,2.2483,2.2733,0.2165,
2.2630,2.2478,2.2732,0.2160,
2.2623,2.2474,2.2743,0.2158,
2.2613,2.2478,2.2729,0.2161,
2.2624,2.2348,2.2679,0.2091,
2.2490,2.2344,2.2685,0.2084,
2.2490,2.2343,2.2678,0.2097,
2.2492,2.2345,2.2683,0.2095,
2.2489,2.2345,2.2681,0.2089,
2.2489,2.23425200,2.5158,2.5434,0.2432,
2.5199,2.5054,2.5399,0.2446,
2.5243,2.5061,2.5391,0.2478,
2.5199,2.5056,2.5396,0.2443,
2.5200,2.5058,2.5394,0.2471,
2.5200,2.5058,2.5392,0.2436,
2.5195,2.5056,2.5397,0.2433,
2.5316,2.5065,2.5393,0.2437,
2.5198,2.5055,2.5399,0.2435,
2.5200,2.5057,2.5396,0.2443,
2.5203,2.5057,2.5391,0.2439,
2.5198,2.5052,2.5396,0.2434,
2.5195,2.5102,2.5400,0.2436,
2.5195,2.5052,2.5414,0.2440,
2.5313,2.5150,2.5405,0.2434,
2.5274,2.5185,2.5483,0.2533,
2.5439,2.5482,2.5518,0.2420,
2.5156,2.5020,2.5385,0.2436,
2.5156,2.5019,2.5379,0.2422,
2.5157,2.5019,2.5382,0.2419,
2.5164,2.5020,2.5378,0.2425,
2.5162,2.5021,2.5379,0.2419,
2.5161,2.5020,2.5383,0.2419,
2.5154,2.5024,2.5383,0.2417,
2.5155,2.5018,2.5378,0.2424,
2.5156,2.5018,2.5384,0.2413,
2.5157,2.5017,2.5376,0.2424,
2.5159,2.5018,2.5381,0.2413,
2.5154,2.5020,2.5386,0.2434,
2.5155,2.5019,2.5379,0.2426,
2.5157,2.5018,2.5382,0.2417,
2.5156,2.5018,2.5376,0.2425,
2.5158,2.5019,2.5380,0.2418,
2.5159,2.5017,2.5382,0.2434,
2.5157,2.5027,2.5377,0.2428,
2.5156,2.5020,2.5379,0.2420,
2.5156,2.5022,2.5385,0.2434,
2.5156,2.5019,2.5377,0.2423,
2.5157,2.5018,2.5383,0.2405,
2.5158,2.5023,2.5382,0.2415,
2.5156,2.5025,2.5378,0.2423,
2.5156,2.5023,2.5383,0.2407,
2.5156,2.5022,2.5379,0.2426,
2.5156,2.5019,2.5386,0.2422,
2.5157,2.5018,2.5383,0.2423,
2.5156,2.5023,2.5379,0.2414,
2.5158,2.5023,2.5386,0.2424,
2.5154,2.5021,2.5382,0.2418,
2.5156,2.5021,2.5377,0.2418,
2.5155,2.5019,2.5386,0.2424,
2.5156,2.5023,2.5413,0.2449,
2.5230,2.5089,2.5405,0.2466,
2.5228,2.5093,2.5417,0.2443,
2.5230,2.5086,2.5408,0.2472,
2.5225,2.5092,2.5414,0.2450,
2.5224,2.5087,2.5405,0.2462,
2.5193,2.5052,2.5395,0.2430,
2.5184,2.5050,2.5398,0.2439,
2.5180,2.5046,2.5389,0.2441,
2.5179,2.5047,2.5391,0.2437,
2.5188,2.5045,2.5395,0.2419,
2.5181,2.5043,2.5386,0.2434,
2.5183,2.5043,2.5388,0.2445,
2.5182,2.5045,2.5395,0.2438,
2.5179,2.5039,2.5387,0.2419,
2.5179,2.5045,2.5393,0.2444,
2.5179,2.5048,2.5394,0.2439,
2.5183,2.5049,2.5378,0.2429,
2.5162,2.5024,2.5382,0.2411,
2.5161,2.5023,2.5379,0.2416,
2.5161,2.5026,2.5380,0.2420,
2.5160,2.5023,2.5383,0.2416,
2.5157,2.5024,2.5377,0.2422,
2.5139,2.5001,2.5370,0.2410,
2.5135,2.5000,2.5375,0.2420,
2.5136,2.5001,2.5366,0.2412,
2.5135,2.5001,2.5376,0.2426,
2.5131,2.4999,2.5370,0.2413,
2.5133,2.4999,2.5372,0.2410,
2.5135,2.5001,2.5371,0.2409,
2.5141,2.5000,2.5369,0.2410,
2.5137,2.4999,2.5375,0.2411,
2.5133,2.4998,2.5372,0.2401,
2.5132,2.4999,2.5367,0.2404,
2.5131,2.5001,2.5373,0.2421,
2.5134,2.4999,2.5374,0.2393,
2.5160,2.5026,2.5380,0.2425,
2.5201,2.5059,2.5402,0.2428,
2.5204,2.5055,2.5400,0.2423,
2.5218,2.5077,2.5408,0.2446,
2.5187,2.5049,2.5397,0.2428,
2.5183,2.5048,2.5391,0.2431,
2.5187,2.5049,2.5396,0.2429,
2.5187,2.5041,2.5381,0.2428,
2.5137,2.5003,2.5370,0.2405,
2.5137,2.5000,2.5375,0.2409,
2.5135,2.5001,2.5367,0.2415,
2.5136,2.5001,2.5370,0.2416,
2.5134,2.5001,2.5376,0.2419,
2.5135,2.4999,2.5367,0.2409,
2.5139,2.5001,2.5377,0.2403,
2.5136,2.5003,2.5377,0.2407,
2.5135,2.5000,2.5366,0.2416,
2.5136,2.5001,2.5373,0.2401,
2.5135,2.5001,2.5370,0.2420,
2.5135,2.5000,2.5375,0.2397,
2.5135,2.5001,2.5375,0.2402,
2.5136,2.5001,2.5369,0.2407,
2.5136,2.5003,2.5373,0.2412,
2.5134,2.5002,2.5373,0.2407,
2.5135,2.5000,2.5367,0.2403,
2.5136,2.5001,2.5376,0.2409,
2.5135,2.5001,2.5394,0.2430,
2.5179,2.5040,2.5386,0.2438,
2.5179,2.5041,2.5392,0.2428,
2.5177,2.5039,2.5388,0.2442,
2.5180,2.5040,2.5392,0.2429,
2.5177,2.5041,2.5387,0.2437,
2.5180,2.5040,2.5387,0.2428,
2.5179,2.5042,2.5392,0.2434,
2.5180,2.5039,2.5415,0.2490,
2.5340,2.5210,2.5468,0.2551,
2.5416,2.5290,2.5477,0.2565,
2.5377,2.5252,2.5391,0.2416,
2.5181,2.5042,2.5387,0.2427,
2.5180,2.5043,2.5397,0.2421,
2.5182,2.5041,2.5389,0.2438,
2.5180,2.5042,2.5393,0.2433,
2.5179,2.5042,2.5384,0.2436,
2.5179,2.5041,2.5387,0.2424,
2.5180,2.5044,2.5393,0.2427,
2.5184,2.5041,2.5382,0.2435,
2.5180,2.5042,2.5387,0.2425,
2.5179,2.5040,2.5393,0.2423,
2.5178,2.5039,2.5384,0.2426,
2.5182,2.5037,2.5385,0.2425,
2.5179,2.5040,2.5392,0.2434,
2.5178,2.5039,2.5384,0.2441,
2.5179,2.5040,2.5390,0.2429,
2.5179,2.5044,2.5386,0.2439,
2.5180,2.5042,2.5383,0.2420,
2.5180,2.5038,2.5389,0.2422,
2.5179,2.5038,2.5384,0.2425,
2.5179,2.5038,2.5393,0.2410,
2.5180,2.5040,2.5391,0.2435,
2.5178,2.5039,2.5384,0.2424,
2.5180,2.5040,2.5391,0.2428,
2.5179,2.5037,2.5389,0.2437,
2.5181,2.5039,2.5384,0.2432,
2.5180,2.5039,2.5393,0.2430,
2.5179,2.5040,2.5386,0.2437,
2.5182,2.5041,2.5392,0.2429,
2.5178,2.5040,2.5389,0.2419,
2.5179,2.5039,2.5387,0.2421,
2.5180,2.5038,2.5391,0.2432,
2.5179,2.5040,2.5386,0.2419,
2.5182,2.5042,2.5388,0.2431,
2.5180,2.5038,2.5388,0.2415,
2.5176,2.5037,2.5386,0.2409,
2.5179,2.5040,2.5383,0.2425,
2.5178,2.5039,2.5391,0.2425,
2.5180,2.5038,2.5386,0.2426,
2.5280,2.5238,2.5477,0.2495,
2.5177,2.5040,2.5390,0.2420,
2.5176,2.5038,2.5384,0.2433,
2.5181,2.5039,2.5389,0.2417,
2.5179,2.5038,2.5384,0.2414,
2.5179,2.5039,2.5389,0.2420,
2.5181,2.5040,2.5388,0.2414,
2.5179,2.5036,2.5383,0.2423,
2.5178,2.5039,2.5385,0.2432,
2.5176,2.5038,2.5390,0.2411,
2.5179,2.5041,2.5384,0.2423,
2.5179,2.5039,2.5390,0.2438,
2.5176,2.5034,2.5390,0.2437,
2.5177,2.5035,2.5382,0.2422,
2.5178,2.5037,2.5388,0.2427,
2.5177,2.5037,2.5386,0.2430,
2.5179,2.5040,2.5391,0.2438,
2.5178,2.5037,2.5387,0.2429,
2.5177,2.5033,2.5382,0.2425,
2.5178,2.5035,2.5391,0.2430,
2.5179,2.5035,2.5387,0.2423,
2.5177,2.5037,2.5384,0.2425,
2.5176,2.5039,2.5391,0.2429,
2.5176,2.5039,2.5388,0.2434,
2.5175,2.5032,2.5383,0.2427,
2.5177,2.5033,2.5392,0.2425,
2.5176,2.5033,2.5385,0.2441,
2.5177,2.5036,2.5388,0.2414,
2.5177,2.5038,2.5382,0.2426,
2.5402,2.5259,2.5478,0.2545,
2.5410,2.5234,2.5465,0.2522,
2.5365,2.5223,2.5459,0.2522,
2.5367,2.5238,2.5457,0.2509,
2.5371,2.5224,2.5465,0.2517,
2.5366,2.5229,2.5458,0.2438,
2.5173,2.5032,2.5386,0.2431,
2.5174,2.5032,2.5391,0.2429,
2.5177,2.5033,2.5383,0.2421,
2.5178,2.5033,2.5387,0.2427,
2.5177,2.5035,2.5385,0.2418,
2.5178,2.5031,2.5386,0.2422,
2.5173,2.5033,2.5389,0.2419,
2.5171,2.5032,2.5383,0.2422,
2.5173,2.5032,2.5386,0.2427,
2.5176,2.5034,2.5389,0.2437,
2.5177,2.5033,2.5381,0.2416,
2.5171,2.5034,2.5387,0.2435,
2.5171,2.5031,2.5391,0.2428,
2.5173,2.5033,2.5383,0.2427,
2.5176,2.5033,2.5390,0.2433,
2.5176,2.5033,2.5384,0.2430,
2.5178,2.5033,2.5367,0.2406,
2.5128,2.4996,2.5372,0.2424,
2.5128,2.4992,2.5369,0.2407,
2.5128,2.4993,2.5372,0.2405,
2.5130,2.4993,2.5371,0.2410,
2.5132,2.4992,2.5367,0.2399,
2.5128,2.4995,2.5374,0.2414,
2.5131,2.4996,2.5372,0.2407,
2.5128,2.4994,2.5367,0.2393,
2.5129,2.4992,2.5375,0.2416,
2.5131,2.4993,2.5368,0.2410,
2.5138,2.4994,2.5370,0.2424,
2.5128,2.4998,2.5376,0.2412,
2.5127,2.4996,2.5368,0.2402,
2.5129,2.4995,2.5373,0.2412,
2.5163,2.5023,2.5380,0.2452,
2.5198,2.5054,2.5389,0.2437,
2.5213,2.5069,2.5427,0.2476,
2.5175,2.5043,2.5385,0.2433,
2.5172,2.5039,2.5386,0.2423,
2.5170,2.5037,2.5394,0.2423,
2.5171,2.5034,2.5383,0.2428,
2.5173,2.5034,2.5391,0.2439,
2.5200,2.5063,2.5405,0.2444,
2.5216,2.5065,2.5395,0.2444,
2.5223,2.5065,2.5401,0.2443,
2.5198,2.5061,2.5397,0.2444,
2.5202,2.5081,2.5405,0.2445,
2.5199,2.5058,2.5401,0.2440,
2.5204,2.5072,2.5408,0.2445,
2.5202,2.5072,2.5403,0.2434,
2.5199,2.5064,2.5402,0.2461,
2.5199,2.5063,2.5395,0.2444,
2.5219,2.5067,2.5405,0.2450,
2.5201,2.5059,2.5401,0.2493,
2.5199,2.5060,2.5398,0.2452,
2.5196,2.5060,2.5401,0.2422,
2.5202,2.5064,2.5398,0.2437,
2.5195,2.5059,2.5400,0.2432,
2.5197,2.5062,2.5396,0.2443,
2.5199,2.5085,2.5397,0.2436,
2.5198,2.5060,2.5400,0.2432,
2.5227,2.5087,2.5405,0.2433,
2.5196,2.5059,2.5395,0.2443,
2.5269,2.5064,2.5402,0.2442,
2.5194,2.5058,2.5404,0.2471,
2.5200,2.5113,2.5396,0.2475,
2.5229,2.5061,2.5404,0.2475,
2.5206,2.5062,2.5396,0.2468,
2.5270,2.5064,2.5401,0.2460,
2.5217,2.5062,2.5400,0.2442,
2.5408,2.5273,2.5478,0.2536,
2.5406,2.5268,2.5477,0.2525,
2.5365,2.5225,2.5460,0.2532,
2.5409,2.5265,2.5464,0.2531,
2.5449,2.5323,2.5500,0.2531,
2.5295,2.5152,2.5423,0.2441,
2.5204,2.5067,2.5400,0.2443,
2.5206,2.5066,2.5404,0.2441,
2.5204,2.5066,2.5397,0.2453,
2.5207,2.5071,2.5402,0.2454,
2.5204,2.5064,2.5398,0.2433,
2.5202,2.5065,2.5396,0.2459,
2.5206,2.5068,2.5403,0.2454,
2.5204,2.5067,2.5397,0.2451,
2.5205,2.5067,2.5404,0.2432,
2.5204,2.5064,2.5402,0.2445,
2.5205,2.5066,2.5396,0.2439,
2.5206,2.5065,2.5406,0.2430,
2.5206,2.5066,2.5401,0.2433,
2.5205,2.5066,2.5395,0.2454,
2.5204,2.5066,2.5403,0.2444,
2.5203,2.5065,2.5399,0.2434,
2.5209,2.5066,2.5397,0.2456,
2.5207,2.5069,2.5406,0.2451,
2.5205,2.5067,2.5398,0.2438,
2.5205,2.5066,2.5403,0.2444,
2.5204,2.5066,2.5393,0.2440,
2.5204,2.5068,2.5398,0.2434,
2.5208,2.5068,2.5404,0.2430,
2.5205,2.5065,2.5396,0.2455,
2.5205,2.5065,2.5398,0.2445,
2.5204,2.5065,2.5403,0.2443,
2.5204,2.5067,2.5395,0.2442,
2.5206,2.5066,2.5403,0.2509,
2.5357,2.5251,2.5474,0.2508,
2.5289,2.5146,2.5429,0.2490,
2.5285,2.5148,2.5442,0.2492,
2.5280,2.5146,2.5428,0.2467,
2.5283,2.5143,2.5440,0.2482,
2.5279,2.5140,2.5405,0.2438,
2.5206,2.5066,2.5397,0.2435,
2.5208,2.5068,2.5403,0.2451,
2.5211,2.5068,2.5404,0.2445,
2.5206,2.5067,2.5396,0.2441,
2.5209,2.5069,2.5407,0.2450,
2.5207,2.5070,2.5406,0.2440,
2.5206,2.5067,2.5397,0.2439,
2.5206,2.5067,2.5408,0.2441,
2.5208,2.5067,2.5400,0.2447,
2.5206,2.5065,2.5404,0.2441,
2.5206,2.5068,2.5398,0.2449,
2.5206,2.5070,2.5400,0.2456,
2.5207,2.5069,2.5404,0.2459,
2.5209,2.5072,2.5402,0.2439,
2.5208,2.5068,2.5400,0.2442,
2.5207,2.5067,2.5404,0.2438,
2.5205,2.5070,2.5403,0.2437,
2.5207,2.5070,2.5398,0.2450,
2.5207,2.5073,2.5407,0.2430,
2.5206,2.5068,2.5401,0.2448,
2.5213,2.5074,2.5409,0.2454,
2.5203,2.5048,2.5389,0.2423,
2.5179,2.5045,2.5389,0.2415,
2.5180,2.5046,2.5393,0.2426,
2.5179,2.5045,2.5386,0.2434,
2.5180,2.5043,2.5390,0.2431,
2.5180,2.5042,2.5395,0.2429,
2.5180,2.5041,2.5386,0.2430,
2.5186,2.5110,2.5419,0.2478,
2.5275,2.5152,2.5456,0.2512,
2.5362,2.5235,2.5475,0.2523,
2.5421,2.5280,2.5480,0.2530,
2.5373,2.5234,2.5467,0.2517,
2.5185,2.5047,2.538,0.2871,
2.8031,2.7890,2.8178,0.2874,
2.8032,2.7908,2.8187,0.2865,
2.8042,2.7929,2.8109,0.2767,
2.7872,2.7742,2.8105,0.2762,
2.7870,2.7742,2.8104,0.2772,
2.7871,2.7742,2.8110,0.2777,
2.7872,2.7742,2.8105,0.2767,
2.7872,2.7739,2.8111,0.2779,
2.7872,2.7743,2.8106,0.2766,
2.7872,2.7743,2.8106,0.2760,
2.7872,2.7744,2.8105,0.2766,
2.7870,2.7744,2.8107,0.2766,
2.7874,2.7750,2.8113,0.2758,
2.7872,2.7741,2.8112,0.2769,
2.7873,2.7746,2.8105,0.2765,
2.7873,2.7745,2.8112,0.2767,
2.7872,2.7744,2.8111,0.2776,
2.7872,2.7744,2.8104,0.2784,
2.7871,2.7743,2.8113,0.2776,
2.7871,2.7743,2.8116,0.2764,
2.7877,2.7744,2.8104,0.2773,
2.7875,2.7747,2.8110,0.2763,
2.7874,2.7745,2.8107,0.2780,
2.7873,2.7745,2.8111,0.2761,
2.7871,2.7743,2.8105,0.2771,
2.7876,2.7744,2.8108,0.2765,
2.7878,2.7745,2.8110,0.2763,
2.7875,2.7745,2.8104,0.2769,
2.7874,2.7744,2.8107,0.2773,
2.7874,2.7751,2.8113,0.2768,
2.7872,2.7744,2.8105,0.2780,
2.7995,2.7867,2.8170,0.2816,
2.8117,2.7984,2.8211,0.2874,
2.8037,2.7896,2.8165,0.2836,
2.8017,2.7873,2.8167,0.2832,
2.8003,2.7871,2.8167,0.2828,
2.8010,2.7744,2.8103,0.2756,
2.7879,2.7747,2.8111,0.2760,
2.7877,2.7744,2.8107,0.2767,
2.7880,2.7745,2.8115,0.2772,
2.7878,2.7744,2.8110,0.2771,
2.7876,2.7744,2.8105,0.2764,
2.7878,2.7746,2.8115,0.2760,
2.7877,2.7745,2.8111,0.2752,
2.7879,2.7746,2.8106,0.2772,
2.7878,2.7746,2.8118,0.2782,
2.7876,2.7744,2.8108,0.2767,
2.7880,2.7749,2.8106,0.2763,
2.7878,2.7747,2.8113,0.2764,
2.7881,2.7747,2.8107,0.2759,
2.7879,2.7746,2.8111,0.2769,
2.7879,2.7747,2.8102,0.2764,
2.7879,2.7744,2.8110,0.2772,
2.7881,2.7750,2.8113,0.2767,
2.7878,2.7745,2.8106,0.2772,
2.7879,2.7746,2.8108,0.2775,
2.7878,2.7746,2.8113,0.2768,
2.7878,2.7747,2.8106,0.2758,
2.7879,2.7746,2.8110,0.2760,
2.7878,2.7746,2.8113,0.2770,
2.7877,2.7747,2.8104,0.2758,
2.7879,2.7751,2.8111,0.2766,
2.7877,2.7746,2.8107,0.2756,
2.7877,2.7745,2.8111,0.2763,
2.7877,2.7745,2.8110,0.2764,
2.7881,2.7748,2.8107,0.2775,
2.7879,2.7747,2.8106,0.2765,
2.7877,2.7747,2.8136,0.2810,
2.8001,2.7877,2.8146,0.2854,
2.8101,2.7965,2.8206,0.2876,
2.7879,2.7746,2.8108,0.2770,
2.7880,2.7747,2.8104,0.2773,
2.7879,2.7747,2.8112,0.2768,
2.7879,2.7747,2.8108,0.2763,
2.7884,2.7748,2.8114,0.2772,
2.7878,2.7746,2.8107,0.2774,
2.7892,2.7756,2.8114,0.2769,
2.7916,2.7782,2.8129,0.2789,
2.7910,2.7791,2.8120,0.2783,
2.7907,2.7773,2.8120,0.2785,
2.7917,2.7777,2.8133,0.2783,
2.7927,2.7769,2.8120,0.2772,
2.7908,2.7789,2.8117,0.2785,
2.7909,2.7772,2.8124,0.2799,
2.7909,2.7773,2.8118,0.2781,
2.7910,2.7774,2.8121,0.2787,
2.7907,2.7771,2.8118,0.2774,
2.7906,2.7769,2.8120,0.2767,
2.7910,2.7772,2.8121,0.2782,
2.7908,2.7771,2.8118,0.2778,
2.7909,2.7771,2.8118,0.2776,
2.7909,2.7772,2.8122,0.2781,
2.7904,2.7772,2.8101,0.2753,
2.7878,2.7729,2.8098,0.2739,
2.7861,2.7733,2.8106,0.2753,
2.7973,2.7825,2.8103,0.2748,
2.7859,2.7729,2.8099,0.2758,
2.7972,2.7788,2.8103,0.2756,
2.7859,2.7727,2.8097,0.2764,
2.7858,2.7729,2.8098,0.2753,
2.7861,2.7729,2.8101,0.2768,
2.7860,2.7729,2.8102,0.2753,
2.7902,2.7731,2.8104,0.2783,
2.7873,2.7757,2.8116,0.2779,
2.7909,2.7771,2.8128,0.2768,
2.7907,2.7772,2.8120,0.2781,
2.7908,2.7770,2.8116,0.2782,
2.7908,2.7771,2.8124,0.2769,
2.7911,2.7771,2.8119,0.2776,
2.7908,2.7773,2.8115,0.2770,
2.7906,2.7771,2.8125,0.2789,
2.7907,2.7771,2.8117,0.2771,
2.7910,2.7772,2.8121,0.2796,
2.7909,2.7771,2.8115,0.2771,
2.7909,2.7772,2.8118,0.2794,
2.7908,2.7770,2.8121,0.2768,
2.7906,2.7770,2.8114,0.2786,
2.7908,2.7775,2.8117,0.2777,
2.7908,2.7787,2.8125,0.2775,
2.7909,2.7770,2.8116,0.2792,
2.7908,2.7772,2.8118,0.2775,
2.7904,2.7770,2.8123,0.2777,
2.7906,2.7769,2.8114,0.2779,
2.7906,2.7772,2.8121,0.2780,
2.7907,2.7770,2.8117,0.2775,
2.7910,2.7769,2.8125,0.2774,
2.7908,2.7772,2.8118,0.2776,
2.7906,2.7767,2.8115,0.2781,
2.7907,2.7770,2.8123,0.2775,
2.7906,2.7770,2.8121,0.2776,
2.7907,2.7769,2.8116,0.2781,
2.7907,2.7770,2.8128,0.2786,
2.7908,2.7766,2.8123,0.2785,
2.7907,2.7767,2.8114,0.2769,
2.7907,2.7769,2.8126,0.2774,
2.7906,2.7770,2.8117,0.2782,
2.7911,2.7771,2.8123,0.2762,
2.7907,2.7770,2.8204,0.2866,
2.8070,2.7928,2.8184,0.2870,
2.8076,2.7939,2.8199,0.2874,
2.8093,2.7922,2.8176,0.2832,
2.7914,2.7778,2.8121,0.2767,
2.7910,2.7773,2.8126,0.2779,
2.7905,2.7764,2.8114,0.2783,
2.7907,2.7765,2.8117,0.2784,
2.7906,2.7767,2.8122,0.2773,
2.7907,2.7767,2.8113,0.2780,
2.7907,2.7771,2.8121,0.2778,
2.7907,2.7771,2.8116,0.2778,
2.7905,2.7762,2.8116,0.2788,
2.7908,2.7771,2.8120,0.2783,
2.7906,2.7766,2.8115,0.2786,
2.7908,2.7767,2.8119,0.2779,
2.7907,2.7769,2.8123,0.2774,
2.7907,2.7763,2.8117,0.2783,
2.7905,2.7765,2.8119,0.2773,
2.7914,2.7764,2.8119,0.2791,
2.7912,2.7765,2.8116,0.2769,
2.7914,2.7770,2.8122,0.2787,
2.7914,2.7769,2.8117,0.2779,
2.7902,2.7768,2.8116,0.2774,
2.7906,2.7765,2.8123,0.2776,
2.7909,2.7766,2.8117,0.2773,
2.7915,2.7764,2.8121,0.2783,
2.7914,2.7766,2.8114,0.2781,
2.7914,2.7770,2.8109,0.2777,
2.7874,2.7741,2.8116,0.2770,
2.7875,2.7742,2.8114,0.2774,
2.7879,2.7740,2.8107,0.2775,
2.7882,2.7741,2.8111,0.2771,
2.7902,2.7742,2.8105,0.2753,
2.8012,2.7871,2.8163,0.2835,
2.8006,2.7872,2.8172,0.2826,
2.8005,2.7862,2.8162,0.2831,
2.8011,2.7867,2.8168,0.2813,
2.8011,2.7855,2.8156,0.2816,
2.8026,2.7871,2.8170,0.2766,
2.7874,2.7744,2.8111,0.2765,
2.7877,2.7744,2.8108,0.2773,
2.7875,2.7741,2.8106,0.2766,
2.7875,2.7740,2.8112,0.2772,
2.7877,2.7741,2.8105,0.2769,
2.7883,2.7741,2.8107,0.2764,
2.7873,2.7746,2.8113,0.2765,
2.7873,2.7744,2.8107,0.2772,
2.7873,2.7743,2.8109,0.2762,
2.7873,2.7741,2.8108,0.2763,
2.7877,2.7741,2.8114,0.2756,
2.7876,2.7747,2.8106,0.2767,
2.7873,2.7745,2.8108,0.2772,
2.7874,2.7744,2.8116,0.2764,
2.7872,2.7742,2.8115,0.2763,
2.7875,2.7741,2.8107,0.2773,
2.7878,2.7742,2.8113,0.2765,
2.7873,2.7746,2.8112,0.2758,
2.7874,2.7746,2.8106,0.2763,
2.7873,2.7746,2.8114,0.2771,
2.7873,2.7744,2.8108,0.2772,
2.7874,2.7743,2.8112,0.2769,
2.7872,2.7748,2.8119,0.2772,
2.7875,2.7747,2.8108,0.2764,
2.7876,2.7749,2.8114,0.2769,
2.7873,2.7747,2.8104,0.2772,
2.7872,2.7746,2.8107,0.2769,
2.7873,2.7745,2.8109,0.2857,
2.8083,2.7940,2.8181,0.2853,
2.8107,2.7968,2.8203,0.2877,
2.8091,2.7967,2.8202,0.2854,
2.8041,2.7903,2.8175,0.2850,
2.8060,2.7902,2.8176,0.2845,
2.8076,2.7961,2.8113,0.2762,
2.7879,2.7747,2.8107,0.2758,
2.7881,2.7750,2.8112,0.2789,
2.7876,2.7746,2.8107,0.2795,
2.7875,2.7748,2.8115,0.2769,
2.7883,2.7747,2.8112,0.2767,
2.7880,2.7747,2.8109,0.2749,
2.7879,2.7748,2.8117,0.2766,
2.7876,2.7747,2.8112,0.2768,
2.7876,2.7746,2.8106,0.2771,
2.7875,2.7748,2.8115,0.2760,
2.7875,2.7747,2.8107,0.2770,
2.7880,2.7748,2.8108,0.2768,
2.7879,2.7749,2.8116,0.2771,
2.7879,2.7746,2.8109,0.2783,
2.7880,2.7749,2.8117,0.2765,
2.7876,2.7748,2.8106,0.2751,
2.7875,2.7746,2.8110,0.2755,
2.7880,2.7750,2.8112,0.2775,
2.7879,2.7749,2.8109,0.2761,
2.7879,2.7747,2.8111,0.2766,
2.7881,2.7749,2.8117,0.2767,
2.7879,2.7747,2.8107,0.2776,
2.7878,2.7749,2.8111,0.2773,
2.7878,2.7751,2.8113,0.2755,
2.7880,2.7748,2.8109,0.2762,
2.7880,2.7748,2.8112,0.2757,
2.7879,2.7748,2.8111,0.2777,
2.7879,2.7748,2.8109,0.2763,
2.7972,2.7866,2.8177,0.2829,
2.7988,2.7861,2.8155,0.2864,
2.8101,2.7934,2.8179,0.2836,
2.8017,2.7881,2.8170,0.2847,
2.8017,2.7881,2.8163,0.2842,
2.8008,2.7749,2.8106,0.2777,
2.7879,2.7750,2.8114,0.2761,
2.7880,2.7749,2.8107,0.2752,
2.7885,2.7764,2.8124,0.2769,
2.7880,2.7751,2.8109,0.2766,
2.7881,2.7749,2.8114,0.2765,
2.7883,2.7751,2.8112,0.2780,
2.7880,2.7750,2.8110,0.2782,
2.7881,2.7750,2.8116,0.2775,
2.7880,2.7750,2.8110,0.2760,
2.7880,2.7749,2.8112,0.2761,
2.7881,2.7751,2.8112,0.2759,
2.7882,2.7749,2.8114,0.2756,
2.7881,2.7750,2.8107,0.2769,
2.7880,2.7751,2.8115,0.2755,
2.7881,2.7750,2.8109,0.2770,
2.7887,2.7751,2.8110,0.2775,
2.7883,2.7754,2.8115,0.2765,
2.7881,2.775